object Form1: TForm1
  Width = 640
  Height = 480
  object WebLabel1: TWebLabel
    Left = 288
    Top = 264
    Width = 45
    Height = 13
    Caption = 'Acuranzo'
    HeightPercent = 100.000000000000000000
    WidthPercent = 100.000000000000000000
  end
end
